=== stellar (n=290) ===
          hard_hs     hard_hm     hard_ms  flux_aper_b  flux_aper_s  flux_aper_m  flux_aper_h
count  2.9000e+02  2.8900e+02  2.9000e+02   2.8800e+02   2.8500e+02   2.8700e+02   2.8600e+02
mean   1.2092e-01  1.7387e-01 -4.9094e-02   4.8037e-12   4.7930e-13   3.0018e-13   4.1067e-12
std    6.7176e-01  4.9178e-01  5.2458e-01   2.7869e-11   3.2360e-12   1.1403e-12   2.7157e-11
min   -9.9938e-01 -9.9938e-01 -9.9938e-01   0.0000e+00   0.0000e+00   0.0000e+00   0.0000e+00
25%   -4.9969e-01 -2.2111e-01 -4.6658e-01   3.0320e-14   2.1985e-15   4.8847e-15   1.0331e-14
50%    1.2242e-01  1.1993e-01 -8.8695e-02   2.3099e-13   2.5383e-14   4.1596e-14   1.2373e-13
75%    8.3011e-01  5.6090e-01  3.5509e-01   1.5277e-12   1.5413e-13   1.8464e-13   8.4155e-13
max    9.9938e-01  9.9938e-01  9.9938e-01   3.4142e-10   5.2097e-11   1.5225e-11   3.4391e-10

=== AGN (n=167) ===
          hard_hs     hard_hm     hard_ms  flux_aper_b  flux_aper_s  flux_aper_m  flux_aper_h
count  1.6700e+02  1.6700e+02  1.6700e+02   1.6600e+02   1.6600e+02   1.6500e+02   1.6100e+02
mean   1.1408e-02  1.9863e-01 -1.7942e-01   4.0754e-12   7.2445e-13   5.2660e-13   2.8188e-12
std    4.1914e-01  2.7891e-01  2.4333e-01   6.0368e-12   1.5665e-12   9.0580e-13   4.2919e-12
min   -8.7071e-01 -4.9969e-01 -7.4828e-01   7.4107e-15   0.0000e+00   1.0289e-15   4.2927e-15
25%   -2.7358e-01  2.6234e-02 -3.2979e-01   6.9179e-13   7.3619e-14   6.8740e-14   3.7494e-13
50%   -6.2461e-02  1.4241e-01 -2.1986e-01   1.8508e-12   2.4972e-13   2.2929e-13   1.1629e-12
75%    1.9238e-01  2.8919e-01 -1.1056e-01   4.2627e-12   6.9076e-13   6.8653e-13   3.3904e-12
max    9.8938e-01  9.7564e-01  6.8082e-01   4.7476e-11   1.5939e-11   9.4751e-12   2.4098e-11

=== other (n=451) ===
          hard_hs     hard_hm     hard_ms  flux_aper_b  flux_aper_s  flux_aper_m  flux_aper_h
count  4.5100e+02  4.5000e+02  4.5100e+02   4.4600e+02   4.4000e+02   4.3900e+02   4.4900e+02
mean   1.4087e-01  2.1141e-01 -1.2005e-01   1.1281e-12   2.2313e-13   1.2331e-13   7.8852e-13
std    6.3619e-01  4.8883e-01  4.6123e-01   3.9632e-12   1.8000e-12   4.2830e-13   3.1161e-12
min   -9.9938e-01 -9.9938e-01 -9.9938e-01   0.0000e+00   0.0000e+00   0.0000e+00   0.0000e+00
25%   -4.5409e-01 -1.5928e-01 -4.1724e-01   9.8733e-15   3.1002e-16   1.3648e-15   5.2156e-15
50%    9.2442e-02  1.0806e-01 -1.4741e-01   1.2015e-13   1.7694e-14   2.4239e-14   6.5026e-14
75%    8.0450e-01  6.5709e-01  1.6615e-01   6.0721e-13   9.7524e-14   9.7099e-14   3.0102e-13
max    9.9938e-01  9.9938e-01  9.9938e-01   4.0012e-11   3.7110e-11   7.7629e-12   3.8900e-11

=== unmatched (n=92) ===
          hard_hs     hard_hm     hard_ms  flux_aper_b  flux_aper_s  flux_aper_m  flux_aper_h
count  9.2000e+01  9.2000e+01  9.2000e+01   9.1000e+01   8.7000e+01   9.0000e+01   9.1000e+01
mean   2.4463e-01  2.6805e-01 -4.1238e-02   3.4279e-12   1.8081e-13   1.4452e-13   3.1476e-12
std    7.2371e-01  5.8513e-01  5.3422e-01   2.6804e-11   8.8128e-13   7.2251e-13   2.6335e-11
min   -9.9938e-01 -9.9938e-01 -9.9938e-01   0.0000e+00   0.0000e+00   0.0000e+00   0.0000e+00
25%   -3.4322e-01 -1.3398e-01 -3.5447e-01   6.5907e-16   0.0000e+00   2.5670e-17   5.0462e-16
50%    4.8657e-01  1.9176e-01 -1.1743e-01   1.9562e-15   3.2155e-16   4.2915e-16   1.3770e-15
75%    9.6159e-01  8.4041e-01  2.7202e-01   1.4277e-13   2.9077e-14   2.4872e-14   7.5771e-14
max    9.9938e-01  9.9938e-01  9.9938e-01   2.5531e-10   6.5294e-12   6.5698e-12   2.5092e-10
